10028
1014
1024
11007
11125
1115
112
11227
11249
11252
11388
11436
11517
11743
12012
12043
1207
12107
1234
12397
12471
12733
12781
12837
12867
13199
13303
13325
1337
13498
13596
13666
13990
14099
14115
14131
1420
14223
14261
14339
14510
14573
14702
14739
1474
1480
14914
15060
15257
15435
15542
15587
15777
1587
15953
16200
16234
16735
16830
17002
17227
17262
17287
17469
17538
17669
17684
17723
17920
18032
18118
18545
18684
18758
18804
18852
19119
1928
19330
1951
19655
19722
2002
20114
20128
2048
21791
21840
223
22443
22481
22520
22552
23013
23321
23666
23685
23699
23746
2392
24068
24217
24490
24499
24844
25102
25153
25204
25231
25672
25714
25750
25833
25923
25934
26016
26219
26320
26525
27128
27132
27177
2718
27240
27426
27694
27703
27852
27862
27989
28104
28321
28344
28464
28476
28544
287
28709
28940
29044
29228
29378
29636
29649
29653
29670
29994
30007
30109
3013
30243
30311
30480
30519
30895
30975
31001
31039
3118
31306
314
31415
31689
31874
31887
31946
32168
32272
32396
32401
32499
33241
3358
33612
34064
34210
34332
35530
3615
36276
36667
3679
37070
37631
38053
3857
38639
39533
39703
40064
404
4050
40527
42115
42175
42293
424
42528
42920
4352
44077
44159
44294
4435
4442
44920
44987
45014
45027
45106
45272
45278
45392
45797
46264
46401
4744
47524
4768
47781
4784
48548
48873
49416
49749
50219
50283
50291
50556
5070
50846
50884
51238
51697
517
51865
520
52105
52706
52929
53558
53817
53882
54287
54329
54373
54536
5460
5464
54739
55593
55685
55775
55999
56176
56212
56363
56633
57300
5742
57543
57619
57633
57806
5794
58128
58146
58176
58304
58308
5843
59060
59135
59416
60088
60116
61044
611
61445
61800
62023
6226
62834
62843
62973
6313
639
64405
6471
64793
6503
65457
65476
65527
6563
66002
66306
66390
66408
66953
66965
6752
67638
67658
68015
68073
6812
682
68225
68294
68680
68774
69990
70146
70234
70331
70789
71098
71222
71325
71431
71452
7161
7174
72057
72081
73032
73694
76142
76486
76670
76826
77424
77580
77863
77950
77990
780
78462
7861
796
79760
8000
80657
80805
81120
81490
82085
8214
82164
82628
82681
83456
83457
8346
83753
83900
8426
84578
84836
85085
85086
85353
85491
85855
86143
86574
86886
87279
87436
87557
87563
88069
88383
88563
89131
89611
89901
90134
90334
90695
90860
90885
91183
91260
91361
91792
91897
92744
92876
93013
9311
93418
93456
9346
93503
93747
93967
93968
94152
94250
9436
94921
95122
95167
9535
95412
95427
95527
9560
95616
95677
9641
96629
96740
9791
9796
98000
98210
9856
98794
98824
98947
99049
99152
99419
# 2026-07-07 05:41:09
93601
6623
35083
37202
58158
86170
41980
41284
69184
26553
5187
25702
22030
16007
98326
21060
52987
25794
23761
83509
4249
76752
82475
29310
38728
26138
81691
81074
17000
18412
67161
14924
87174
37292
34224
27181
52531
25108
# 2026-07-07 16:43:08
79707
38741
46808
74494
23338
1630
89052
5343
53100
26491
43726
70280
96914
6133
29275
27474
26275
93003
51652
76151
15036
37362
45780
76236
49137
25027
72461
58037
21582
23576
67213
96861
43796
22730
44643
59252
704
60492
92508
15774
49152
1881
85887
83916
3362
68462
30440
95137
38730
26318
80797
95944
46722
37833
29731
744
93044
64976
21851
86821
47197
97936
90720
87012
26654
99255
1543
69034
17881
19176
79649
5611
37928
99031
15341
57341
18580
16934
28390
53155
# 2026-07-07 17:07:08
19877
17047
7052
93446
24224
28320
39874
45334
70189
98701
50598
33834
61789
81499
31245
63459
84542
72912
40380
